Accuracy : 0.240500
Accuracy Percentage : 24.05%

Classification Report:
              precision    recall  f1-score   support

           0     0.0000    0.0000    0.0000        33
           1     0.1500    0.0096    0.0180       314
           2     0.1484    0.1082    0.1251      1100
           3     0.2322    0.2908    0.2582      2170
           4     0.2866    0.3529    0.3163      2749
           5     0.2412    0.2635    0.2518      2205
           6     0.1527    0.0923    0.1151      1083
           7     0.1000    0.0033    0.0063       306
           8     0.0000    0.0000    0.0000        40

    accuracy                         0.2405     10000
   macro avg     0.1457    0.1245    0.1212     10000
weighted avg     0.2230    0.2405    0.2255     10000
